//===================================================================================
// zGameServer
// ----------------------------------------------------------------------------------
// Description: Skills configuration
// ----------------------------------------------------------------------------------
// Revision: 	23/09/2020 from client 1.06.35
//===================================================================================

// ------------------------------------------------------------------------------------------------------------------------------------------------------------------------------------------------------------------------------------------------------------------------------------------------------------------------------
// 	Name				ReqLvl	Dmg	Mana	Bp	Dis	Delay	Energy	Command	Attr	Type	UseType	Brand	KillCnt	Status1	Status2	Status3	DW	DK	ELF	MG	DL	SUM	MONK	Rank	Group	MasterP	AG	SD	Dur	Str	Dex	Icon	UseType	Item	IsDamage
// ------------------------------------------------------------------------------------------------------------------------------------------------------------------------------------------------------------------------------------------------------------------------------------------------------------------------------
1	"Poison"			30	12	42	0	6	0	100	0	1	1	0	0	0	0	0	0	1	0	0	1	0	0	0	0	0	0	0	0	0	0	0	0	2	0	2	
2	"Meteorite"			21	21	12	0	6	0	100	0	4	1	0	0	0	0	0	0	1	0	0	1	0	1	0	0	0	0	0	0	0	0	0	0	0	0	2	
3	"Lightning"			13	17	15	0	6	0	100	0	2	1	0	0	0	0	0	0	1	0	0	1	0	0	0	0	0	0	0	0	0	0	0	0	0	0	2
4	"Fire Ball"			5	8	3	0	6	0	100	0	3	1	0	0	0	0	0	0	1	0	0	1	0	1	0	0	0	0	0	0	0	0	0	0	0	0	2	
5	"Flame"				35	25	50	0	6	0	100	0	3	1	0	0	0	0	0	0	1	0	0	1	0	0	0	0	0	0	0	0	0	0	0	0	0	0	2	
6	"Teleport"			17	0	30	0	6	0	100	0	-1	1	0	0	0	0	0	0	1	0	0	0	0	0	0	0	0	0	0	0	0	0	0	0	0	0	0	
7	"Ice"				25	10	38	0	6	0	100	0	0	1	0	0	0	0	0	0	1	0	0	1	0	1	0	0	0	0	0	0	0	0	0	0	2	0	2	
8	"Twister"			40	35	60	0	6	0	100	0	5	1	0	0	0	0	0	0	1	0	0	1	0	0	0	0	0	0	0	0	0	0	0	0	0	0	2	
9	"Evil Spirit"			50	45	90	0	6	0	100	0	-1	1	0	0	0	0	0	0	1	0	0	1	0	0	0	0	0	0	0	0	0	0	0	0	0	0	2	
10	"Hellfire"			60	120	160	0	0	0	100	0	3	1	0	0	0	0	0	0	1	0	0	1	0	0	0	0	0	0	0	0	0	0	0	0	0	0	2	
11	"Power Wave"			9	14	5	0	6	0	100	0	-1	1	0	0	0	0	0	0	1	0	0	1	0	1	0	0	0	0	0	0	0	0	0	0	0	0	2	
12	"Aqua Beam"			74	80	140	0	6	0	110	0	6	1	0	0	0	0	0	0	1	0	0	1	0	0	0	0	0	0	0	0	0	0	0	0	0	0	2	
13	"Cometfall"			80	70	150	0	3	0	150	0	2	1	0	0	0	0	0	0	1	0	0	1	0	0	0	0	0	0	0	0	0	0	0	0	0	0	2	
14	"Inferno"			88	100	200	0	0	0	200	0	3	1	0	0	0	0	0	0	1	0	0	1	0	0	0	0	0	0	0	0	0	0	0	0	0	0	2	
15	"Teleport Ally"			83	0	90	25	6	0	188	0	-1	1	0	0	0	0	0	0	2	0	0	0	0	0	0	0	0	0	0	0	0	0	0	0	0	0	0	
16	"Soul Barrier"			77	0	70	22	6	0	126	0	-1	1	0	0	0	0	0	0	1	0	0	0	0	0	0	0	0	0	0	0	0	0	0	0	1	0	0	
17	"Energy Ball"    		2	3	1	0	6	0	0	0	-1	1	0	0	0	0	0	0	1	0	0	1	0	0	0	0	0	0	0	0	0	0	0	0	0	0	2
18	"Defense"			0	0	30	0	0	0	0	0	-1	-1	0	0	0	0	0	0	0	1	0	1	1	0	0	0	0	0	0	0	0	0	0	0	0	1	0	
19	"Falling Slash"			0	0	9	0	3	0	0	0	-1	0	0	0	0	0	0	0	0	1	0	1	1	0	1	0	0	0	0	0	0	0	0	0	0	1	1	
20	"Lunge"				0	0	9	0	2	0	0	0	-1	0	0	0	0	0	0	0	0	1	0	1	1	0	0	0	0	0	0	0	0	0	0	0	0	1	1	
21	"Uppercut"			0	0	8	0	2	0	0	0	-1	0	0	0	0	0	0	0	0	1	0	1	1	0	0	0	0	0	0	0	0	0	0	0	0	1	1	
22	"Cyclone"			0	0	9	0	2	0	0	0	-1	0	0	0	0	0	0	0	0	1	0	1	1	0	0	0	0	0	0	0	0	0	0	0	0	1	1	
23	"Slash"				0	0	10	0	2	0	0	0	-1	0	0	0	0	0	0	0	0	1	0	1	1	0	0	0	0	0	0	0	0	0	0	0	0	1	1	
24	"Triple Shot"			0	0	5	0	6	0	0	0	-1	0	0	0	0	0	0	0	0	0	1	0	0	0	0	0	0	0	0	0	0	0	0	0	0	1	1	
26	"Heal"				8	0	20	0	6	0	100	0	-1	0	0	0	0	0	0	0	0	0	1	0	0	0	0	0	0	0	0	0	0	0	0	0	3	0	4	
27	"Greater Defense"		13	0	30	0	6	0	100	0	-1	-1	0	0	0	0	0	0	0	0	1	0	0	0	0	0	0	0	0	0	0	0	0	0	1	0	4	
28	"Greater Damage"		18	0	40	0	6	0	100	0	-1	-1	0	0	0	0	0	0	0	0	1	0	0	0	0	0	0	0	0	0	0	0	0	0	1	0	4	
30	"Summon Goblin"			0	0	40	0	0	0	90	0	-1	-1	0	0	0	0	0	0	0	0	1	0	0	0	0	0	0	0	0	0	0	0	0	0	0	0	0	
31	"Summon Stone Golem"		0	0	70	0	0	0	170	0	-1	-1	0	0	0	0	0	0	0	0	1	0	0	0	0	0	0	0	0	0	0	0	0	0	0	0	0	
32	"Summon Assassin"		0	0	110	0	0	0	190	0	-1	-1	0	0	0	0	0	0	0	0	1	0	0	0	0	0	0	0	0	0	0	0	0	0	0	0	0	
33	"Summon Elite Yeti"		0	0	160	0	0	0	230	0	-1	-1	0	0	0	0	0	0	0	0	1	0	0	0	0	0	0	0	0	0	0	0	0	0	0	0	0	
34	"Summon Dark Knight"		0	0	200	0	0	0	250	0	-1	-1	0	0	0	0	0	0	0	0	1	0	0	0	0	0	0	0	0	0	0	0	0	0	0	0	0	
35	"Summon Bali"			0	0	250	0	0	0	260	0	-1	-1	0	0	0	0	0	0	0	0	1	0	0	0	0	0	0	0	0	0	0	0	0	0	0	0	0	
36	"Summon Soldier"		0	0	350	0	0	0	280	0	-1	-1	0	0	0	0	0	0	0	0	1	0	0	0	0	0	0	0	0	0	0	0	0	0	0	0	0	
38	"Decay"				96	95	110	7	6	0	243	0	1	1	0	0	0	0	0	0	2	0	0	0	0	0	0	0	0	0	0	0	0	0	0	0	2	0	2	
39	"Ice Storm"			93	80	100	5	6	0	223	0	0	1	0	0	0	0	0	0	2	0	0	0	0	0	0	0	0	0	0	0	0	0	0	0	0	0	2	
40	"Nova"				100	0	180	45	6	0	258	0	3	1	0	0	0	0	0	0	2	0	0	0	0	0	0	0	0	0	0	0	0	0	0	0	0	0	2	
41	"Twisting Slash"		0	0	10	10	2	0	0	0	5	0	0	0	0	0	0	0	0	1	0	1	0	0	0	0	0	0	0	0	0	0	0	0	0	0	1	
42	"Rageful Blow"			170	60	25	20	3	0	0	0	4	0	0	0	0	0	0	0	0	2	0	0	0	0	0	0	0	0	0	0	0	0	0	0	0	0	1	
43	"Death Stab"			160	70	15	12	2	0	0	0	5	0	0	0	0	0	0	0	0	2	0	0	0	0	0	0	0	0	0	0	0	0	0	0	0	0	1	
44	"Crescent Moon Slash"		0	90	22	15	4	0	0	0	-1	-1	0	75	0	0	0	0	0	1	0	0	0	0	0	0	0	0	0	0	0	0	0	0	0	0	1	
45	"Lance"				0	90	150	10	6	0	0	0	-1	-1	0	75	0	0	0	0	1	0	0	0	0	1	0	0	0	0	0	0	0	0	0	0	0	0	0	
46	"Starfall"			0	120	20	15	8	0	0	0	-1	-1	0	75	0	0	0	0	0	0	1	0	0	0	0	0	0	0	0	0	0	0	0	0	0	0	1																																						
47	"Impale"			28	15	8	0	3	0	0	0	-1	0	0	0	0	0	0	0	0	1	0	1	0	0	0	0	0	0	0	0	0	0	0	0	0	0	1	
48	"Swell Life"			120	0	22	24	0	0	0	0	-1	-1	0	0	0	0	0	0	0	1	0	0	0	0	0	0	0	0	0	0	0	0	0	0	1	0	0	
49	"Fire Breath"			110	30	9	0	3	0	0	0	-1	0	0	0	0	0	0	0	0	1	0	0	0	0	0	0	0	0	0	0	0	0	0	0	0	0	1	
50	"Flame of Evil (Monster)"	60	120	160	0	0	0	100	0	-1	-1	0	0	0	0	0	0	0	0	0	0	0	0	0	0	0	0	0	0	0	0	0	0	0	0	0	
51	"Ice Arrow"			0	105	10	12	8	0	0	0	0	0	0	0	0	0	0	0	0	0	2	0	0	0	0	0	0	0	0	0	0	0	0	0	2	0	1	
52	"Penetration"			130	70	7	9	6	0	0	0	5	0	0	0	0	0	0	0	0	0	1	0	0	0	0	0	0	0	0	0	0	0	0	0	0	0	1	
55	"Fire Slash"			0	80	15	20	2	0	0	0	1	-1	0	0	0	0	0	0	0	0	0	1	0	0	0	0	0	0	0	0	0	0	0	0	2	0	1	
56	"Power Slash"			0	0	15	0	5	0	100	0	-1	-1	0	0	0	0	0	0	0	0	0	1	0	0	0	0	0	0	0	0	0	0	0	0	0	1	1	
57	"Spiral Slash"			0	75	20	15	5	0	0	0	-1	-1	0	75	0	0	0	0	0	0	0	1	0	0	0	0	0	0	0	0	0	0	0	0	0	0	1	
60	"Force"				0	10	10	0	4	0	0	0	-1	1	0	0	0	0	0	0	0	0	0	0	1	0	0	0	0	0	0	0	0	0	0	0	0	0	1	
61	"Fire Burst"			74	100	25	0	6	0	20	0	-1	1	0	0	0	0	0	0	0	0	0	0	1	0	0	0	0	0	0	0	0	0	0	0	0	0	1	
62	"Earthshake"			0	150	0	50	10	10000	0	0	2	0	0	0	0	0	0	0	0	0	0	0	1	0	0	0	0	0	0	0	0	0	0	0	0	0	1	
63	"Summon"			98	0	70	30	0	30000	34	400	-1	-1	0	0	0	0	0	0	0	0	0	0	1	0	0	0	0	0	0	0	0	0	0	0	0	0	0	
64	"Increase Critical Damage"	82	0	50	50	0	0	25	300	-1	-1	0	0	0	0	0	0	0	0	0	0	1	0	0	0	0	0	0	0	0	0	0	0	1	0	0	
65	"Electric Spike"		92	250	0	100	10	5000	29	340	-1	1	0	0	0	0	0	0	0	0	0	0	1	0	0	0	0	0	0	0	0	0	0	0	0	0	1	
66	"Force Wave"			0	50	10	0	4	0	0	0	-1	1	0	0	0	0	0	0	0	0	0	0	1	0	0	0	0	0	0	0	0	0	0	0	0	1	1	
67	"Stun"				0	0	70	50	2	0	0	0	-1	-1	1	0	4	0	0	1	1	1	1	1	1	1	0	0	0	0	0	0	0	0	0	0	2	0	0	
68	"Cancel Stun"			0	0	25	30	0	0	0	0	-1	-1	1	0	2	0	0	1	1	1	1	1	1	1	0	0	0	0	0	0	0	0	0	0	0	0	0	
69	"Swell Mana"			0	0	35	30	0	0	0	0	-1	-1	1	0	4	0	0	1	1	1	1	1	1	1	0	0	0	0	0	0	0	0	0	0	1	0	0	
70	"Invisibility"			0	0	80	60	0	0	0	0	-1	-1	1	0	5	1	1	0	1	1	1	1	1	1	0	0	0	0	0	0	0	0	0	0	0	0	0	
71	"Cancel Invisibility"		0	0	40	30	0	0	0	0	-1	-1	1	0	2	1	1	0	1	1	1	1	1	1	0	0	0	0	0	0	0	0	0	0	0	0	0	
72	"Abolish Magic"			0	0	90	70	0	0	0	0	-1	-1	1	0	8	1	0	0	0	0	0	0	1	0	0	0	0	0	0	0	0	0	0	0	0	0	0	
73	"Mana Rays"			0	85	130	7	6	0	0	0	-1	-1	0	75	0	0	0	0	0	0	0	1	0	0	0	0	0	0	0	0	0	0	0	0	0	0	2	
74	"Fire Blast"			0	150	30	10	6	0	0	0	-1	-1	0	75	0	0	0	0	0	0	0	0	1	0	0	0	0	0	0	0	0	0	0	0	0	0	1	
76	"Plasma Storm"			110	60	50	20	6	1500	0	0	-1	0	0	0	0	0	0	0	2	2	2	1	1	2	1	0	0	0	0	0	0	0	0	0	0	0	0	
77	"Infinity Arrow"		220	0	50	10	6	200	0	0	-1	-1	0	0	0	0	0	0	0	0	2	0	0	0	0	0	0	0	0	0	0	0	0	0	1	0	0	
78	"Fire Scream"			102	130	45	10	6	0	32	70	-1	1	0	0	0	0	0	0	0	0	0	0	1	0	0	0	0	0	0	0	0	0	0	0	0	0	1	
79	"Explosion"			0	0	0	0	2	0	0	0	-1	1	0	0	0	0	0	0	0	0	0	0	1	0	0	0	0	0	0	0	0	0	0	0	0	0	0																																																							
200	"Summon Monster"		0	0	40	0	0	0	90	0	-1	-1	0	0	0	0	0	0	0	0	0	0	0	0	0	0	0	0	0	0	0	0	0	0	0	0	0	
201	"Magic Attack Immunity"		0	0	40	0	0	0	90	0	-1	-1	0	0	0	0	0	0	0	0	0	0	0	0	0	0	0	0	0	0	0	0	0	0	0	0	0	
202	"Physical Attack Immunity"	0	0	40	0	0	0	90	0	-1	-1	0	0	0	0	0	0	0	0	0	0	0	0	0	0	0	0	0	0	0	0	0	0	0	0	0	
203	"Potion of Bless"		0	0	40	0	0	0	90	0	-1	-1	0	0	0	0	0	0	0	0	0	0	0	0	0	0	0	0	0	0	0	0	0	0	0	0	0	
204	"Potion of Soul"		0	0	40	0	0	0	90	0	-1	-1	0	0	0	0	0	0	0	0	0	0	0	0	0	0	0	0	0	0	0	0	0	0	0	0	0	
210	"Spell of Protection"		0	0	30	0	0	0	0	0	0	0	0	0	5	0	0	0	1	1	1	1	1	1	0	0	0	0	0	0	0	0	0	0	1	0	0	
211	"Spell of Restriction"		0	0	30	0	3	0	0	0	0	0	0	0	5	0	0	0	1	1	1	1	1	1	0	0	0	0	0	0	0	0	0	0	2	0	0	
212	"Spell of Pursuit"		0	0	30	0	0	0	0	0	0	0	0	0	10	0	0	0	1	1	1	1	1	1	0	0	0	0	0	0	0	0	0	0	0	0	0	
213	"Shied-Burn"			0	0	30	0	3	0	0	0	0	0	0	0	5	0	0	0	1	1	1	1	1	1	0	0	0	0	0	0	0	0	0	0	0	0	0																																						
214	"Drain Life"			35	35	50	0	6	0	93	0	-1	1	0	0	0	0	0	0	0	0	0	0	0	1	0	0	0	0	0	0	0	0	0	0	0	0	0	
215	"Chain Lightning"		75	70	85	0	6	0	75	0	2	1	0	0	0	0	0	0	0	0	0	0	0	1	0	0	0	0	0	0	0	0	0	0	0	0	2	
217	"Damage Reflection"		80	0	40	10	5	5000	111	0	-1	1	0	0	0	0	0	0	0	0	0	0	0	1	0	0	0	0	0	0	0	0	0	0	1	0	0
218	"Berserker"			83	0	100	50	5	5000	181	0	-1	1	0	0	0	0	0	0	0	0	0	0	0	1	0	0	0	0	0	0	0	0	0	0	1	0	0	
219	"Sleep"				40	0	20	3	6	0	100	0	-1	1	0	0	0	0	0	0	0	0	0	0	0	1	0	0	0	0	0	0	0	0	0	0	2	0	0	
221	"Weakness"			93	0	50	15	6	4000	173	0	-1	1	0	0	0	0	0	0	0	0	0	0	0	1	0	0	0	0	0	0	0	0	0	0	0	0	0	
222	"Innovation"			111	0	70	15	6	4000	201	0	-1	1	0	0	0	0	0	0	0	0	0	0	0	1	0	0	0	0	0	0	0	0	0	0	0	0	0	
223	"Explosion"			50	40	90	5	6	4000	100	0	3	1	0	0	0	0	0	0	0	0	0	0	0	1	0	0	0	0	0	0	0	0	0	0	0	0	4	
224	"Requiem"			75	65	110	10	6	4000	99	0	5	1	0	0	0	0	0	0	0	0	0	0	0	1	0	0	0	0	0	0	0	0	0	0	0	1	4	
225	"Pollution"			85	80	120	15	6	4000	115	0	2	1	0	0	0	0	0	0	0	0	0	0	0	1	0	0	0	0	0	0	0	0	0	0	0	1	4	
230	"Lightning Shock"		93	95	115	7	6	0	216	0	2	1	0	0	0	0	0	0	0	0	0	0	0	1	0	0	0	0	0	0	0	0	0	0	0	0	2																													
232	"Strike of Destruction"		100	110	30	24	5	0	0	0	0	0	0	0	0	0	0	0	0	2	0	0	0	0	0	0	0	0	0	0	0	0	0	0	0	0	1	
233	"Expansion of Wizardry"		220	0	200	50	6	0	118	0	-1	1	0	0	0	0	0	0	2	0	0	0	0	0	0	0	0	0	0	0	0	0	0	0	1	0	0	
234	"Recovery"			100	0	40	10	6	0	37	0	-1	0	0	0	0	0	0	0	0	0	2	0	0	0	0	0	0	0	0	0	0	0	0	0	3	0	0	
235	"Multi-Shot"			100	40	10	7	6	0	0	0	-1	0	0	0	0	0	0	0	0	0	2	0	0	0	0	0	0	0	0	0	0	0	0	0	0	0	1	
236	"Flame Strike"			100	140	20	25	3	0	0	0	3	1	0	0	0	0	0	0	0	0	0	1	0	0	0	0	0	0	0	0	0	0	0	0	0	0	1	
237	"Gigantic Storm"		220	110	120	10	6	0	118	0	5	1	0	0	0	0	0	0	0	0	0	1	0	0	0	0	0	0	0	0	0	0	0	0	0	0	2	
238	"Chaotic Diseier"		100	190	50	15	6	0	16	0	-1	1	0	0	0	0	0	0	0	0	0	0	1	0	0	0	0	0	0	0	0	0	0	0	0	0	1																																					
239	"生魂广场自爆技能"		100	140	20	25	3	0	0	0	3	1	0	0	0	0	0	0	0	0	0	1	0	0	0	0	0	0	0	0	0	0	0	0	0	0	0																																					
260	"Killing Blow"			0	0	9	0	2	0	0	0	4	1	0	0	0	0	0	0	0	0	0	0	0	0	1	0	0	0	0	0	0	0	0	0	0	1	1	
261	"Beast Uppercut"		0	0	9	0	2	0	0	0	3	1	0	0	0	0	0	0	0	0	0	0	0	0	1	0	0	0	0	0	0	0	0	0	0	1	1	
262	"Chain Drive"			150	0	15	20	4	700	0	0	0	1	0	0	0	0	0	0	0	0	0	0	0	0	1	0	0	0	0	0	0	0	0	0	0	0	1	
263	"Dark Side"			180	0	70	0	4	0	0	0	5	1	0	0	0	0	0	0	0	0	0	0	0	0	1	0	0	0	0	0	0	0	0	0	0	0	1	
264	"Dragon Roar"			150	0	50	30	3	700	0	0	4	1	0	0	0	0	0	0	0	0	0	0	0	0	1	0	0	0	0	0	0	0	0	0	0	0	0	
265	"Dragon Slasher"		200	0	100	100	4	3000	0	0	5	1	0	0	0	0	0	0	0	0	0	0	0	0	1	0	0	0	0	0	0	0	0	0	0	0	0	
266	"Ignore Defense"		120	0	50	10	3	0	80	0	-1	1	0	0	0	0	0	0	0	0	0	0	0	0	1	0	0	0	0	0	0	0	0	0	1	0	0	
267	"Increase Health"		80	0	50	10	7	0	35	0	-1	1	0	0	0	0	0	0	0	0	0	0	0	0	1	0	0	0	0	0	0	0	0	0	1	0	0	
268	"Increase Block"		50	0	50	10	7	0	30	0	-1	1	0	0	0	0	0	0	0	0	0	0	0	0	1	0	0	0	0	0	0	0	0	0	1	0	0	
269	"Charge"			0	90	20	15	4	0	0	0	-1	1	0	0	0	0	0	0	0	0	0	0	0	0	1	0	0	0	0	0	0	0	0	0	0	0	1	
270	"Phoenix Shot"			0	0	30	0	4	1200	0	0	4	1	0	0	0	0	0	0	0	0	0	0	0	0	1	0	0	0	0	0	0	0	0	0	0	1	1	
300	"Aumento de exito de ataque"		1	400	0	0	0	0	0	0	-1	-1	3	0	0	0	0	0	3	3	3	3	3	3	0	2	0	0	0	0	0	0	0	0	0	0	0
301	"Aumento de exito de ataque"		2	900	0	0	0	0	0	0	-1	-1	3	0	0	0	0	0	3	3	3	3	3	3	0	2	0	0	0	0	0	0	0	0	0	0	0
302	"Aumento de exito de ataque"		3	1600	0	0	0	0	0	0	-1	-1	3	0	0	0	0	0	3	3	3	3	3	3	0	2	0	0	0	0	0	0	0	0	0	0	0
303	"Aumento de exito de ataque"		4	2700	0	0	0	0	0	0	-1	-1	3	0	0	0	0	0	3	3	3	3	3	3	0	2	0	0	0	0	0	0	0	0	0	0	0
304	"Aumento de exito de ataque"		5	4400	0	0	0	0	0	0	-1	-1	3	0	0	0	0	0	3	3	3	3	3	3	0	2	0	0	0	0	0	0	0	0	0	0	0
305	"Tasa de Ataque"			1	1000	0	0	0	0	0	0	-1	-1	3	0	0	0	0	0	3	3	3	3	3	3	0	3	0	0	0	0	0	0	0	0	0	0	0
306	"Tasa de Ataque"			2	2300	0	0	0	0	0	0	-1	-1	3	0	0	0	0	0	3	3	3	3	3	3	0	3	0	0	0	0	0	0	0	0	0	0	0
307	"Tasa de Ataque"			3	4000	0	0	0	0	0	0	-1	-1	3	0	0	0	0	0	3	3	3	3	3	3	0	3	0	0	0	0	0	0	0	0	0	0	0
308	"Tasa de Ataque"			4	6500	0	0	0	0	0	0	-1	-1	3	0	0	0	0	0	3	3	3	3	3	3	0	3	0	0	0	0	0	0	0	0	0	0	0
309	"Tasa de Ataque"			5	10000	0	0	0	0	0	0	-1	-1	3	0	0	0	0	0	3	3	3	3	3	3	0	3	0	0	0	0	0	0	0	0	0	0	0
310	"PvP Aumento de Tasa de Defensa"	1	600	0	0	0	0	0	0	-1	-1	3	0	0	0	0	0	3	3	3	3	3	3	0	1	0	0	0	0	0	0	0	0	0	0	0
311	"PvP Aumento de Tasa de Defensa"	2	1300	0	0	0	0	0	0	-1	-1	3	0	0	0	0	0	3	3	3	3	3	3	0	1	0	0	0	0	0	0	0	0	0	0	0
312	"PvP Aumento de Tasa de Defensa"	3	2100	0	0	0	0	0	0	-1	-1	3	0	0	0	0	0	3	3	3	3	3	3	0	1	0	0	0	0	0	0	0	0	0	0	0
313	"PvP Aumento de Tasa de Defensa"	4	3000	0	0	0	0	0	0	-1	-1	3	0	0	0	0	0	3	3	3	3	3	3	0	1	0	0	0	0	0	0	0	0	0	0	0
314	"PvP Aumento de Tasa de Defensa"	5	4000	0	0	0	0	0	0	-1	-1	3	0	0	0	0	0	3	3	3	3	3	3	0	1	0	0	0	0	0	0	0	0	0	0	0
315	"Reduccion de Duracion  1"		1	20	0	0	0	0	0	0	-1	-1	3	0	0	0	0	0	3	3	3	3	3	3	0	4	0	0	0	0	0	0	0	0	0	0	0
316	"Reduccion de Duracion  1"		2	40	0	0	0	0	0	0	-1	-1	3	0	0	0	0	0	3	3	3	3	3	3	0	4	0	0	0	0	0	0	0	0	0	0	0
317	"Reduccion de Duracion  1"		3	60	0	0	0	0	0	0	-1	-1	3	0	0	0	0	0	3	3	3	3	3	3	0	4	0	0	0	0	0	0	0	0	0	0	0
318	"Reduccion de Duracion  1"		4	80	0	0	0	0	0	0	-1	-1	3	0	0	0	0	0	3	3	3	3	3	3	0	4	0	0	0	0	0	0	0	0	0	0	0
319	"Reduccion de Duracion  1"		5	100	0	0	0	0	0	0	-1	-1	3	0	0	0	0	0	3	3	3	3	3	3	0	4	0	0	0	0	0	0	0	0	0	0	0
320	"Reduccion de Duracion  2"		1	20	0	0	0	0	0	0	-1	-1	3	63	0	0	0	0	3	3	3	3	3	3	0	5	0	0	0	0	0	0	0	0	0	0	0
321	"Reduccion de Duracion  2"		2	40	0	0	0	0	0	0	-1	-1	3	64	0	0	0	0	3	3	3	3	3	3	0	5	0	0	0	0	0	0	0	0	0	0	0
322	"Reduccion de Duracion  2"		3	60	0	0	0	0	0	0	-1	-1	3	65	0	0	0	0	3	3	3	3	3	3	0	5	0	0	0	0	0	0	0	0	0	0	0
323	"Reduccion de Duracion  2"		4	80	0	0	0	0	0	0	-1	-1	3	66	0	0	0	0	3	3	3	3	3	3	0	5	0	0	0	0	0	0	0	0	0	0	0
324	"Reduccion de Duracion  2"		5	100	0	0	0	0	0	0	-1	-1	3	67	0	0	0	0	3	3	3	3	3	3	0	5	0	0	0	0	0	0	0	0	0	0	0
325	"Aumento de Resistencia (Veneno)"	1	1	0	0	0	0	0	0	1	-1	3	0	0	0	0	0	3	3	3	3	3	3	0	6	0	0	0	0	0	0	0	0	0	0	0
326	"Aumento de Resistencia (Veneno)"	2	2	0	0	0	0	0	0	1	0	3	0	0	0	0	0	3	3	3	3	3	3	0	6	0	0	0	0	0	0	0	0	0	0	0
327	"Aumento de Resistencia (Veneno)"	3	3	0	0	0	0	0	0	1	0	3	0	0	0	0	0	3	3	3	3	3	3	0	6	0	0	0	0	0	0	0	0	0	0	0
328	"Aumento de Resistencia (Veneno)"	4	4	0	0	0	0	0	0	1	0	3	0	0	0	0	0	3	3	3	3	3	3	0	6	0	0	0	0	0	0	0	0	0	0	0
329	"Aumento de Resistencia (Veneno)"	5	5	0	0	0	0	0	0	1	0	3	0	0	0	0	0	3	3	3	3	3	3	0	6	0	0	0	0	0	0	0	0	0	0	0
330	"Aumento de Resistencia (Electr)"	1	1	0	0	0	0	0	0	2	0	3	73	0	0	0	0	3	3	3	3	3	3	0	7	0	0	0	0	0	0	0	0	0	0	0
331	"Aumento de Resistencia (Electr)"	2	2	0	0	0	0	0	0	2	0	3	74	0	0	0	0	3	3	3	3	3	3	0	7	0	0	0	0	0	0	0	0	0	0	0
332	"Aumento de Resistencia (Electr)"	3	3	0	0	0	0	0	0	2	0	3	75	0	0	0	0	3	3	3	3	3	3	0	7	0	0	0	0	0	0	0	0	0	0	0
333	"Aumento de Resistencia (Electr)"	4	4	0	0	0	0	0	0	2	0	3	76	0	0	0	0	3	3	3	3	3	3	0	7	0	0	0	0	0	0	0	0	0	0	0
334	"Aumento de Resistencia (Electr)"	5	5	0	0	0	0	0	0	2	-1	3	77	0	0	0	0	3	3	3	3	3	3	0	7	0	0	0	0	0	0	0	0	0	0	0
335	"Aumento de Resistencia (Hielo)"	1	1	0	0	0	0	0	0	0	-1	3	78	0	0	0	0	3	3	3	3	3	3	0	8	0	0	0	0	0	0	0	0	0	0	0
336	"Aumento de Resistencia (Hielo)"	2	2	0	0	0	0	0	0	0	0	3	79	0	0	0	0	3	3	3	3	3	3	0	8	0	0	0	0	0	0	0	0	0	0	0
337	"Aumento de Resistencia (Hielo)"	3	3	0	0	0	0	0	0	0	0	3	80	0	0	0	0	3	3	3	3	3	3	0	8	0	0	0	0	0	0	0	0	0	0	0
338	"Aumento de Resistencia (Hielo)"	4	4	0	0	0	0	0	0	0	-1	3	81	0	0	0	0	3	3	3	3	3	3	0	8	0	0	0	0	0	0	0	0	0	0	0
339	"Aumento de Resistencia (Hielo)"	5	5	0	0	0	0	0	0	0	0	3	82	0	0	0	0	3	3	3	3	3	3	0	8	0	0	0	0	0	0	0	0	0	0	0
340	"Incremento Automatico de HP"		1	1	0	0	0	0	0	0	-1	0	3	0	0	0	0	0	3	3	3	3	3	3	0	9	0	0	0	0	0	0	0	0	0	0	0
341	"Incremento Automatico de HP"		2	2	0	0	0	0	0	0	-1	-1	3	0	0	0	0	0	3	3	3	3	3	3	0	9	0	0	0	0	0	0	0	0	0	0	0
342	"Incremento Automatico de HP"		3	3	0	0	0	0	0	0	-1	0	3	0	0	0	0	0	3	3	3	3	3	3	0	9	0	0	0	0	0	0	0	0	0	0	0
343	"Incremento Automatico de HP"		4	4	0	0	0	0	0	0	-1	0	3	0	0	0	0	0	3	3	3	3	3	3	0	9	0	0	0	0	0	0	0	0	0	0	0
344	"Incremento Automatico de HP"		5	5	0	0	0	0	0	0	-1	0	3	0	0	0	0	0	3	3	3	3	3	3	0	9	0	0	0	0	0	0	0	0	0	0	0
345	"Aumento de Zen"			1	40	0	0	0	0	0	0	-1	0	3	0	0	0	0	0	3	3	3	3	3	3	0	10	0	0	0	0	0	0	0	0	0	0	0
346	"Aumento de Zen"			2	80	0	0	0	0	0	0	-1	0	3	0	0	0	0	0	3	3	3	3	3	3	0	10	0	0	0	0	0	0	0	0	0	0	0
347	"Aumento de Zen"			3	120	0	0	0	0	0	0	-1	-1	3	0	0	0	0	0	3	3	3	3	3	3	0	10	0	0	0	0	0	0	0	0	0	0	0
348	"Aumento de Zen"			4	160	0	0	0	0	0	0	-1	0	3	0	0	0	0	0	3	3	3	3	3	3	0	10	0	0	0	0	0	0	0	0	0	0	0
349	"Aumento de Zen"			5	200	0	0	0	0	0	0	-1	0	3	0	0	0	0	0	3	3	3	3	3	3	0	10	0	0	0	0	0	0	0	0	0	0	0
350	"Aumento de Defensa"			1	50	0	0	0	0	0	0	-1	0	3	0	0	0	0	0	3	3	3	3	3	3	0	11	0	0	0	0	0	0	0	0	0	0	0
351	"Aumento de Defensa"			2	100	0	0	0	0	0	0	-1	0	3	0	0	0	0	0	3	3	3	3	3	3	0	11	0	0	0	0	0	0	0	0	0	0	0
352	"Aumento de Defensa"			3	150	0	0	0	0	0	0	-1	0	3	0	0	0	0	0	3	3	3	3	3	3	0	11	0	0	0	0	0	0	0	0	0	0	0
353	"Aumento de Defensa"			4	200	0	0	0	0	0	0	-1	0	3	0	0	0	0	0	3	3	3	3	3	3	0	11	0	0	0	0	0	0	0	0	0	0	0
354	"Aumento de Defensa"			5	250	0	0	0	0	0	0	-1	0	3	0	0	0	0	0	3	3	3	3	3	3	0	11	0	0	0	0	0	0	0	0	0	0	0
355	"Aumento de Vida Maximo"		1	50	0	0	0	0	0	0	-1	0	3	0	0	0	0	0	3	3	3	3	3	3	0	12	0	0	0	0	0	0	0	0	0	0	0
356	"Aumento de Vida Maximo"		2	100	0	0	0	0	0	0	-1	-1	3	0	0	0	0	0	3	3	3	3	3	3	0	12	0	0	0	0	0	0	0	0	0	0	0
357	"Aumento de Vida Maximo"		3	150	0	0	0	0	0	0	-1	-1	3	0	0	0	0	0	3	3	3	3	3	3	0	12	0	0	0	0	0	0	0	0	0	0	0
358	"Aumento de Vida Maximo"		4	200	0	0	0	0	0	0	-1	-1	3	0	0	0	0	0	3	3	3	3	3	3	0	12	0	0	0	0	0	0	0	0	0	0	0
359	"Aumento de Vida Maximo"		5	300	0	0	0	0	0	0	-1	-1	3	0	0	0	0	0	3	3	3	3	3	3	0	12	0	0	0	0	0	0	0	0	0	0	0
360	"Aumento de AG Maximo"			1	60	0	0	0	0	0	0	-1	-1	3	103	0	0	0	0	3	3	3	3	3	3	0	13	0	0	0	0	0	0	0	0	0	0	0
361	"Aumento de AG Maximo"			2	120	0	0	0	0	0	0	-1	0	3	104	0	0	0	0	3	3	3	3	3	3	0	13	0	0	0	0	0	0	0	0	0	0	0
362	"Aumento de AG Maximo"			3	180	0	0	0	0	0	0	-1	-1	3	105	0	0	0	0	3	3	3	3	3	3	0	13	0	0	0	0	0	0	0	0	0	0	0
363	"Aumento de AG Maximo"			4	240	0	0	0	0	0	0	-1	-1	3	106	0	0	0	0	3	3	3	3	3	3	0	13	0	0	0	0	0	0	0	0	0	0	0
364	"Aumento de AG Maximo"			5	300	0	0	0	0	0	0	-1	0	3	107	0	0	0	0	3	3	3	3	3	3	0	13	0	0	0	0	0	0	0	0	0	0	0
365	"Dmg de Monstruo Aumento de Mana"	1	40	0	0	0	0	0	0	-1	-1	3	0	0	0	0	0	3	3	3	3	3	3	0	14	0	0	0	0	0	0	0	0	0	0	0
366	"Dmg de Monstruo Aumento de Mana"	2	20	0	0	0	0	0	0	-1	-1	3	0	0	0	0	0	3	3	3	3	3	3	0	14	0	0	0	0	0	0	0	0	0	0	0
367	"Dmg de Monstruo Aumento de Mana"	3	14	0	0	0	0	0	0	-1	-1	3	0	0	0	0	0	3	3	3	3	3	3	0	14	0	0	0	0	0	0	0	0	0	0	0
368	"Dmg de Monstruo Aumento de Mana"	4	10	0	0	0	0	0	0	-1	-1	3	0	0	0	0	0	3	3	3	3	3	3	0	14	0	0	0	0	0	0	0	0	0	0	0
369	"Dmg de Monstruo Aumento de Mana"	5	8	0	0	0	0	0	0	-1	-1	3	0	0	0	0	0	3	3	3	3	3	3	0	14	0	0	0	0	0	0	0	0	0	0	0
370	"Dmg de Monstruo Aumento de Vida"	1	40	0	0	0	0	0	0	-1	-1	3	0	0	0	0	0	3	3	3	3	3	3	0	15	0	0	0	0	0	0	0	0	0	0	0
371	"Dmg de Monstruo Aumento de Vida"	2	20	0	0	0	0	0	0	-1	-1	3	0	0	0	0	0	3	3	3	3	3	3	0	15	0	0	0	0	0	0	0	0	0	0	0
372	"Dmg de Monstruo Aumento de Vida"	3	14	0	0	0	0	0	0	-1	-1	3	0	0	0	0	0	3	3	3	3	3	3	0	15	0	0	0	0	0	0	0	0	0	0	0
373	"Dmg de Monstruo Aumento de Vida"	4	10	0	0	0	0	0	0	-1	-1	3	0	0	0	0	0	3	3	3	3	3	3	0	15	0	0	0	0	0	0	0	0	0	0	0
374	"Dmg de Monstruo Aumento de Vida"	5	8	0	0	0	0	0	0	-1	-1	3	0	0	0	0	0	3	3	3	3	3	3	0	15	0	0	0	0	0	0	0	0	0	0	0
375	"Dmg de Monstruo Aumento de SD"		1	7	0	0	0	0	0	0	-1	-1	3	0	0	0	0	0	3	3	3	3	3	3	0	16	0	0	0	0	0	0	0	0	0	0	0
376	"Dmg de Monstruo Aumento de SD"		2	6	0	0	0	0	0	0	-1	-1	3	0	0	0	0	0	3	3	3	3	3	3	0	16	0	0	0	0	0	0	0	0	0	0	0
377	"Dmg de Monstruo Aumento de SD"		3	5	0	0	0	0	0	0	-1	-1	3	0	0	0	0	0	3	3	3	3	3	3	0	16	0	0	0	0	0	0	0	0	0	0	0
378	"Dmg de Monstruo Aumento de SD"		4	4	0	0	0	0	0	0	-1	1	3	0	0	0	0	0	3	3	3	3	3	3	0	16	0	0	0	0	0	0	0	0	0	0	0
379	"Dmg de Monstruo Aumento de SD"		5	3	0	0	0	0	0	0	-1	1	3	0	0	0	0	0	3	3	3	3	3	3	0	16	0	0	0	0	0	0	0	0	0	0	0
380	"Aumento de Experiencia"		1	8	0	0	0	0	0	0	-1	1	3	0	0	0	0	0	3	3	3	3	3	3	0	17	0	0	0	0	0	0	0	0	0	0	0
381	"Aumento de Experiencia"		2	16	0	0	0	0	0	0	-1	1	3	0	0	0	0	0	3	3	3	3	3	3	0	17	0	0	0	0	0	0	0	0	0	0	0
382	"Aumento de Experiencia"		3	24	0	0	0	0	0	0	-1	1	3	0	0	0	0	0	3	3	3	3	3	3	0	17	0	0	0	0	0	0	0	0	0	0	0
383	"Aumento de Experiencia"		4	32	0	0	0	0	0	0	-1	1	3	0	0	0	0	0	3	3	3	3	3	3	0	17	0	0	0	0	0	0	0	0	0	0	0
384	"Aumento de Experiencia"		5	40	0	0	0	0	0	0	-1	1	3	0	0	0	0	0	3	3	3	3	3	3	0	17	0	0	0	0	0	0	0	0	0	0	0
385	"Aumento de SD Maximo"			1	300	0	0	0	0	0	0	-1	1	3	0	0	0	0	0	3	3	3	3	3	3	0	18	0	0	0	0	0	0	0	0	0	0	0
386	"Aumento de SD Maximo"			2	450	0	0	0	0	0	0	-1	-1	3	0	0	0	0	0	3	3	3	3	3	3	0	18	0	0	0	0	0	0	0	0	0	0	0
387	"Aumento de SD Maximo"			3	600	0	0	0	0	0	0	-1	1	3	0	0	0	0	0	3	3	3	3	3	3	0	18	0	0	0	0	0	0	0	0	0	0	0
388	"Aumento de SD Maximo"			4	750	0	0	0	0	0	0	-1	1	3	0	0	0	0	0	3	3	3	3	3	3	0	18	0	0	0	0	0	0	0	0	0	0	0
389	"Aumento de SD Maximo"			5	900	0	0	0	0	0	0	-1	1	3	0	0	0	0	0	3	3	3	3	3	3	0	18	0	0	0	0	0	0	0	0	0	0	0
390	"Velocidad de Recuperacion de SD"	1	10	0	0	0	0	0	0	-1	1	3	133	0	0	0	0	3	3	3	3	3	3	0	19	0	0	0	0	0	0	0	0	0	0	0
391	"Velocidad de Recuperacion de SD"	2	20	0	0	0	0	0	0	-1	1	3	134	0	0	0	0	3	3	3	3	3	3	0	19	0	0	0	0	0	0	0	0	0	0	0
392	"Velocidad de Recuperacion de SD"	3	30	0	0	0	0	0	0	-1	1	3	135	0	0	0	0	3	3	3	3	3	3	0	19	0	0	0	0	0	0	0	0	0	0	0
393	"Velocidad de Recuperacion de SD"	4	40	0	0	0	0	0	0	-1	1	3	136	0	0	0	0	3	3	3	3	3	3	0	19	0	0	0	0	0	0	0	0	0	0	0
394	"Velocidad de Recuperacion de SD"	5	50	0	0	0	0	0	0	-1	1	3	137	0	0	0	0	3	3	3	3	3	3	0	19	0	0	0	0	0	0	0	0	0	0	0
395	"Aumento Poder de Ataque Maximo"	1	10	0	0	0	0	0	0	-1	1	3	0	0	0	0	0	0	3	3	0	3	0	0	20	0	0	0	0	0	0	0	0	0	0	0
396	"Aumento Poder de Ataque Maximo"	2	20	0	0	0	0	0	0	-1	1	3	0	0	0	0	0	0	3	3	0	3	0	0	20	0	0	0	0	0	0	0	0	0	0	0
397	"Aumento Poder de Ataque Maximo"	3	30	0	0	0	0	0	0	-1	1	3	0	0	0	0	0	0	3	3	0	3	0	0	20	0	0	0	0	0	0	0	0	0	0	0
398	"Aumento Poder de Ataque Maximo"	4	40	0	0	0	0	0	0	-1	1	3	0	0	0	0	0	0	3	3	0	3	0	0	20	0	0	0	0	0	0	0	0	0	0	0
399	"Aumento Poder de Ataque Maximo"	5	50	0	0	0	0	0	0	-1	-1	3	0	0	0	0	0	0	3	3	0	3	0	0	20	0	0	0	0	0	0	0	0	0	0	0
400	"Aumento Poder de Ataque Minimo"	1	8	0	0	0	0	0	0	-1	-1	3	143	0	0	0	0	0	3	3	0	3	0	0	21	0	0	0	0	0	0	0	0	0	0	0
401	"Aumento Poder de Ataque Minimo"	2	16	0	0	0	0	0	0	-1	1	3	144	0	0	0	0	0	3	3	0	3	0	0	21	0	0	0	0	0	0	0	0	0	0	0
402	"Aumento Poder de Ataque Minimo"	3	24	0	0	0	0	0	0	-1	-1	3	145	0	0	0	0	0	3	3	0	3	0	0	21	0	0	0	0	0	0	0	0	0	0	0
403	"Aumento Poder de Ataque Minimo"	4	32	0	0	0	0	0	0	-1	1	3	146	0	0	0	0	0	3	3	0	3	0	0	21	0	0	0	0	0	0	0	0	0	0	0
404	"Aumento Poder de Ataque Minimo"	5	40	0	0	0	0	0	0	-1	1	3	147	0	0	0	0	0	3	3	0	3	0	0	21	0	0	0	0	0	0	0	0	0	0	0
405	"Mana Reduction Fortalecido"		1	5	0	0	0	0	0	0	-1	-1	3	0	0	0	0	0	3	3	3	3	3	3	0	22	0	0	0	0	0	0	0	0	0	0	0
406	"Mana Reduction Fortalecido"		2	10	0	0	0	0	0	0	-1	1	3	0	0	0	0	0	3	3	3	3	3	3	0	22	0	0	0	0	0	0	0	0	0	0	0
407	"Mana Reduction Fortalecido"		3	15	0	0	0	0	0	0	-1	-1	3	0	0	0	0	0	3	3	3	3	3	3	0	22	0	0	0	0	0	0	0	0	0	0	0
408	"Mana Reduction Fortalecido"		4	20	0	0	0	0	0	0	-1	-1	3	0	0	0	0	0	3	3	3	3	3	3	0	22	0	0	0	0	0	0	0	0	0	0	0
409	"Mana Reduction Fortalecido"		5	25	0	0	0	0	0	0	-1	-1	3	0	0	0	0	0	3	3	3	3	3	3	0	22	0	0	0	0	0	0	0	0	0	0	0
410	"Aumento de Magia Maximo"		1	10	0	0	0	0	0	0	-1	-1	3	0	0	0	0	0	3	0	0	0	0	3	0	23	0	0	0	0	0	0	0	0	0	0	0
411	"Aumento de Magia Maximo"		2	20	0	0	0	0	0	0	-1	0	3	0	0	0	0	0	3	0	0	0	0	3	0	23	0	0	0	0	0	0	0	0	0	0	0
412	"Aumento de Magia Maximo"		3	30	0	0	0	0	0	0	-1	-1	3	0	0	0	0	0	3	0	0	0	0	3	0	23	0	0	0	0	0	0	0	0	0	0	0
413	"Aumento de Magia Maximo"		4	40	0	0	0	0	0	0	-1	0	3	0	0	0	0	0	3	0	0	0	0	3	0	23	0	0	0	0	0	0	0	0	0	0	0
414	"Aumento de Magia Maximo"		5	50	0	0	0	0	0	0	-1	0	3	0	0	0	0	0	3	0	0	0	0	3	0	23	0	0	0	0	0	0	0	0	0	0	0
415	"Aumento de Magia Minimo"		1	8	0	0	0	0	0	0	-1	-1	3	158	0	0	0	0	3	0	0	0	0	3	0	24	0	0	0	0	0	0	0	0	0	0	0
416	"Aumento de Magia Minimo"		2	16	0	0	0	0	0	0	-1	0	3	159	0	0	0	0	3	0	0	0	0	3	0	24	0	0	0	0	0	0	0	0	0	0	0
417	"Aumento de Magia Minimo"		3	24	0	0	0	0	0	0	-1	-1	3	160	0	0	0	0	3	0	0	0	0	3	0	24	0	0	0	0	0	0	0	0	0	0	0
418	"Aumento de Magia Minimo"		4	32	0	0	0	0	0	0	-1	0	3	161	0	0	0	0	3	0	0	0	0	3	0	24	0	0	0	0	0	0	0	0	0	0	0
419	"Aumento de Magia Minimo"		5	40	0	0	0	0	0	0	-1	-1	3	162	0	0	0	0	3	0	0	0	0	3	0	24	0	0	0	0	0	0	0	0	0	0	0
420	"Aumento de Duracion de Mascotas"	1	100	0	0	0	0	0	0	-1	-1	3	0	0	0	0	0	0	0	0	0	3	0	0	25	0	0	0	0	0	0	0	0	0	0	0
421	"Aumento de Duracion de Mascotas"	2	200	0	0	0	0	0	0	-1	-1	3	0	0	0	0	0	0	0	0	0	3	0	0	25	0	0	0	0	0	0	0	0	0	0	0
422	"Aumento de Duracion de Mascotas"	3	300	0	0	0	0	0	0	-1	-1	3	0	0	0	0	0	0	0	0	0	3	0	0	25	0	0	0	0	0	0	0	0	0	0	0
423	"Aumento de Duracion de Mascotas"	4	400	0	0	0	0	0	0	-1	-1	3	0	0	0	0	0	0	0	0	0	3	0	0	25	0	0	0	0	0	0	0	0	0	0	0
424	"Aumento de Duracion de Mascotas"	5	500	0	0	0	0	0	0	-1	0	3	0	0	0	0	0	0	0	0	0	3	0	0	25	0	0	0	0	0	0	0	0	0	0	0
425	"Aumento Max de Dmg Poder/Magia"	1	10	0	0	0	0	0	0	-1	-1	3	0	0	0	0	0	0	0	0	3	0	0	0	23	0	0	0	0	0	0	0	0	0	0	0
426	"Aumento Max de Dmg Poder/Magia"	2	20	0	0	0	0	0	0	-1	-1	3	0	0	0	0	0	0	0	0	3	0	0	0	23	0	0	0	0	0	0	0	0	0	0	0
427	"Aumento Max de Dmg Poder/Magia"	3	30	0	0	0	0	0	0	-1	0	3	0	0	0	0	0	0	0	0	3	0	0	0	23	0	0	0	0	0	0	0	0	0	0	0
428	"Aumento Max de Dmg Poder/Magia"	4	40	0	0	0	0	0	0	-1	-1	3	0	0	0	0	0	0	0	0	3	0	0	0	23	0	0	0	0	0	0	0	0	0	0	0
429	"Aumento Max de Dmg Poder/Magia"	5	50	0	0	0	0	0	0	-1	-1	3	0	0	0	0	0	0	0	0	3	0	0	0	23	0	0	0	0	0	0	0	0	0	0	0
430	"Aumento Min de Dmg Poder/Magia"	1	8	0	0	0	0	0	0	-1	-1	3	173	0	0	0	0	0	0	0	3	0	0	0	24	0	0	0	0	0	0	0	0	0	0	0
431	"Aumento Min de Dmg Poder/Magia"	2	16	0	0	0	0	0	0	-1	0	3	174	0	0	0	0	0	0	0	3	0	0	0	24	0	0	0	0	0	0	0	0	0	0	0
432	"Aumento Min de Dmg Poder/Magia"	3	24	0	0	0	0	0	0	-1	-1	3	175	0	0	0	0	0	0	0	3	0	0	0	24	0	0	0	0	0	0	0	0	0	0	0
433	"Aumento Min de Dmg Poder/Magia"	4	32	0	0	0	0	0	0	-1	-1	3	176	0	0	0	0	0	0	0	3	0	0	0	24	0	0	0	0	0	0	0	0	0	0	0
434	"Aumento Min de Dmg Poder/Magia"	5	40	0	0	0	0	0	0	-1	0	3	177	0	0	0	0	0	0	0	3	0	0	0	24	0	0	0	0	0	0	0	0	0	0	0
435	"Soul Barrier Fortalecido"		1	3	77	24	6	0	126	0	-1	-1	4	16	0	0	0	0	3	0	0	0	0	0	0	28	0	0	0	0	0	0	0	0	1	0	0
436	"Soul Barrier Fortalecido"		2	6	84	26	6	0	126	0	-1	-1	4	179	0	0	0	0	3	0	0	0	0	0	0	28	0	0	0	0	0	0	0	0	1	0	0
437	"Soul Barrier Fortalecido"		3	9	91	28	6	0	126	0	-1	-1	4	180	0	0	0	0	3	0	0	0	0	0	0	28	0	0	0	0	0	0	0	0	1	0	0
438	"Soul Barrier Fortalecido"		4	12	98	30	6	0	126	0	-1	-1	4	181	0	0	0	0	3	0	0	0	0	0	0	28	0	0	0	0	0	0	0	0	1	0	0
439	"Soul Barrier Fortalecido"		5	15	105	33	6	0	126	0	-1	-1	4	182	0	0	0	0	3	0	0	0	0	0	0	28	0	0	0	0	0	0	0	0	1	0	0
440	"Hellfire Fortalecido"			1	135	176	0	0	0	100	0	3	-1	4	10	0	0	0	0	3	0	0	0	0	0	0	29	0	0	0	0	0	0	0	0	0	0	0
441	"Hellfire Fortalecido"			2	150	192	0	0	0	100	0	3	-1	4	184	0	0	0	0	3	0	0	0	0	0	0	29	0	0	0	0	0	0	0	0	0	0	0
442	"Hellfire Fortalecido"			3	165	208	0	0	0	100	0	3	0	4	185	0	0	0	0	3	0	0	0	0	0	0	29	0	0	0	0	0	0	0	0	0	0	0
443	"Hellfire Fortalecido"			4	180	224	0	0	0	100	0	3	0	4	186	0	0	0	0	3	0	0	0	0	0	0	29	0	0	0	0	0	0	0	0	0	0	0
444	"Hellfire Fortalecido"			5	195	240	0	0	0	100	0	3	0	4	187	0	0	0	0	3	0	0	0	0	0	0	29	0	0	0	0	0	0	0	0	0	0	0
445	"Evil Spirit Fortalecido"		1	50	99	0	6	0	100	0	-1	-1	4	9	0	0	0	0	3	0	0	0	0	0	0	30	0	0	0	0	0	0	0	0	0	0	0
446	"Evil Spirit Fortalecido"		2	55	108	0	6	0	100	0	-1	-1	4	189	0	0	0	0	3	0	0	0	0	0	0	30	0	0	0	0	0	0	0	0	0	0	0
447	"Evil Spirit Fortalecido"		3	60	117	0	6	0	100	0	-1	-1	4	190	0	0	0	0	3	0	0	0	0	0	0	30	0	0	0	0	0	0	0	0	0	0	0
448	"Evil Spirit Fortalecido"		4	65	126	0	6	0	100	0	-1	1	4	191	0	0	0	0	3	0	0	0	0	0	0	30	0	0	0	0	0	0	0	0	0	0	0
449	"Evil Spirit Fortalecido"		5	70	135	0	6	0	100	0	-1	1	4	192	0	0	0	0	3	0	0	0	0	0	0	30	0	0	0	0	0	0	0	0	0	0	0
450	"Ice Storm Fortalecido"			1	85	110	5	6	0	223	0	0	1	4	39	0	0	0	0	3	0	0	0	0	0	0	31	0	0	0	0	0	0	0	0	0	0	0
451	"Ice Storm Fortalecido"			2	90	120	6	6	0	223	0	0	1	4	194	0	0	0	0	3	0	0	0	0	0	0	31	0	0	0	0	0	0	0	0	0	0	0
452	"Ice Storm Fortalecido"			3	95	130	6	6	0	223	0	0	-1	4	195	0	0	0	0	3	0	0	0	0	0	0	31	0	0	0	0	0	0	0	0	0	0	0
453	"Ice Storm Fortalecido"			4	100	140	7	6	0	223	0	0	1	4	196	0	0	0	0	3	0	0	0	0	0	0	31	0	0	0	0	0	0	0	0	0	0	0
454	"Ice Storm Fortalecido"			5	105	150	7	6	0	223	0	0	1	4	197	0	0	0	0	3	0	0	0	0	0	0	31	0	0	0	0	0	0	0	0	0	0	0
455	"Twisting Slash Fortalecido"		1	2	10	10	2	0	0	0	5	1	4	41	0	0	0	0	0	3	0	0	0	0	0	32	0	0	0	0	0	0	0	0	0	0	0
456	"Twisting Slash Fortalecido"		2	4	10	10	2	0	0	0	5	1	4	199	0	0	0	0	0	3	0	0	0	0	0	32	0	0	0	0	0	0	0	0	0	0	0
457	"Twisting Slash Fortalecido"		3	6	10	10	2	0	0	0	5	1	4	200	0	0	0	0	0	3	0	0	0	0	0	32	0	0	0	0	0	0	0	0	0	0	0
458	"Twisting Slash Fortalecido"		4	8	10	10	2	0	0	0	5	1	4	201	0	0	0	0	0	3	0	0	0	0	0	32	0	0	0	0	0	0	0	0	0	0	0
459	"Twisting Slash Fortalecido"		5	10	10	10	3	0	0	0	5	1	4	202	0	0	0	0	0	3	0	0	0	0	0	32	0	0	0	0	0	0	0	0	0	0	0
460	"Death Stab Fortalecido"		1	75	15	13	2	0	0	0	5	1	4	43	0	0	0	0	0	3	0	0	0	0	0	33	0	0	0	0	0	0	0	0	0	0	0
461	"Death Stab Fortalecido"		2	80	15	14	2	0	0	0	5	1	4	204	0	0	0	0	0	3	0	0	0	0	0	33	0	0	0	0	0	0	0	0	0	0	0
462	"Death Stab Fortalecido"		3	85	15	15	2	0	0	0	5	1	4	205	0	0	0	0	0	3	0	0	0	0	0	33	0	0	0	0	0	0	0	0	0	0	0
463	"Death Stab Fortalecido"		4	90	15	16	2	0	0	0	5	1	4	206	0	0	0	0	0	3	0	0	0	0	0	33	0	0	0	0	0	0	0	0	0	0	0
464	"Death Stab Fortalecido"		5	95	15	18	3	0	0	0	5	1	4	207	0	0	0	0	0	3	0	0	0	0	0	33	0	0	0	0	0	0	0	0	0	0	0
465	"Rageful Blow Fortalecido"		1	65	25	22	3	0	0	0	4	1	4	42	0	0	0	0	0	3	0	0	0	0	0	34	0	0	0	0	0	0	0	0	0	0	0
466	"Rageful Blow Fortalecido"		2	70	25	24	3	0	0	0	4	1	4	209	0	0	0	0	0	3	0	0	0	0	0	34	0	0	0	0	0	0	0	0	0	0	0
467	"Rageful Blow Fortalecido"		3	75	25	26	3	0	0	0	4	1	4	210	0	0	0	0	0	3	0	0	0	0	0	34	0	0	0	0	0	0	0	0	0	0	0
468	"Rageful Blow Fortalecido"		4	80	25	28	3	0	0	0	4	-1	4	211	0	0	0	0	0	3	0	0	0	0	0	34	0	0	0	0	0	0	0	0	0	0	0
469	"Rageful Blow Fortalecido"		5	85	25	30	4	0	0	0	4	1	4	212	0	0	0	0	0	3	0	0	0	0	0	34	0	0	0	0	0	0	0	0	0	0	0
470	"Great Fortitude Fortalecido"		1	2	22	26	0	0	0	0	-1	1	4	48	0	0	0	0	0	3	0	0	0	0	0	35	0	0	0	0	0	0	0	0	1	0	0
471	"Great Fortitude Fortalecido"		2	4	22	28	0	0	0	0	-1	-1	4	214	0	0	0	0	0	3	0	0	0	0	0	35	0	0	0	0	0	0	0	0	1	0	0
472	"Great Fortitude Fortalecido"		3	6	22	31	0	0	0	0	-1	1	4	215	0	0	0	0	0	3	0	0	0	0	0	35	0	0	0	0	0	0	0	0	1	0	0
473	"Great Fortitude Fortalecido"		4	8	22	33	0	0	0	0	-1	-1	4	216	0	0	0	0	0	3	0	0	0	0	0	35	0	0	0	0	0	0	0	0	1	0	0
474	"Great Fortitude Fortalecido"		5	10	22	36	0	0	0	0	-1	-1	4	217	0	0	0	0	0	3	0	0	0	0	0	35	0	0	0	0	0	0	0	0	1	0	0
475	"Heal Fortalecido"			1	10	22	0	6	0	100	0	-1	-1	4	26	0	0	0	0	0	0	3	0	0	0	0	36	0	0	0	0	0	0	0	0	0	0	0
476	"Heal Fortalecido"			2	20	24	0	6	0	100	0	-1	-1	4	219	0	0	0	0	0	0	3	0	0	0	0	36	0	0	0	0	0	0	0	0	0	0	0
477	"Heal Fortalecido"			3	30	26	0	6	0	100	0	-1	-1	4	220	0	0	0	0	0	0	3	0	0	0	0	36	0	0	0	0	0	0	0	0	0	0	0
478	"Heal Fortalecido"			4	40	28	0	6	0	100	0	-1	-1	4	221	0	0	0	0	0	0	3	0	0	0	0	36	0	0	0	0	0	0	0	0	0	0	0
479	"Heal Fortalecido"			5	50	30	0	6	0	100	0	-1	0	4	222	0	0	0	0	0	0	3	0	0	0	0	36	0	0	0	0	0	0	0	0	0	0	0
480	"Greater Defense Fortalecido"		1	76	33	0	6	0	100	0	-1	1	4	27	0	0	0	0	0	0	3	0	0	0	0	37	0	0	0	0	0	0	0	0	1	0	0
481	"Greater Defense Fortalecido"		2	72	36	0	6	0	100	0	-1	0	4	224	0	0	0	0	0	0	3	0	0	0	0	37	0	0	0	0	0	0	0	0	1	0	0
482	"Greater Defense Fortalecido"		3	68	39	0	6	0	100	0	-1	-1	4	225	0	0	0	0	0	0	3	0	0	0	0	37	0	0	0	0	0	0	0	0	1	0	0
483	"Greater Defense Fortalecido"		4	64	42	0	6	0	100	0	-1	1	4	226	0	0	0	0	0	0	3	0	0	0	0	37	0	0	0	0	0	0	0	0	1	0	0
484	"Greater Defense Fortalecido"		5	60	45	0	6	0	100	0	-1	1	4	227	0	0	0	0	0	0	3	0	0	0	0	37	0	0	0	0	0	0	0	0	1	0	0
485	"Greater Damage Fortalecido"		1	67	44	0	6	0	100	0	-1	-1	4	28	0	0	0	0	0	0	3	0	0	0	0	38	0	0	0	0	0	0	0	0	1	0	0
486	"Greater Damage Fortalecido"		2	62	48	0	6	0	100	0	-1	1	4	229	0	0	0	0	0	0	3	0	0	0	0	38	0	0	0	0	0	0	0	0	1	0	0
487	"Greater Damage Fortalecido"		3	59	52	0	6	0	100	0	-1	1	4	230	0	0	0	0	0	0	3	0	0	0	0	38	0	0	0	0	0	0	0	0	1	0	0
488	"Greater Damage Fortalecido"		4	56	56	0	6	0	100	0	-1	-1	4	231	0	0	0	0	0	0	3	0	0	0	0	38	0	0	0	0	0	0	0	0	1	0	0
489	"Greater Damage Fortalecido"		5	53	60	0	6	0	100	0	-1	1	4	232	0	0	0	0	0	0	3	0	0	0	0	38	0	0	0	0	0	0	0	0	1	0	0
490	"Triple Shot Fortalecido"		1	2	5	0	6	0	0	0	-1	-1	4	24	0	0	0	0	0	0	3	0	0	0	0	39	0	0	0	0	0	0	0	0	0	0	0
491	"Triple Shot Fortalecido"		2	4	5	0	6	0	0	0	-1	1	4	234	0	0	0	0	0	0	3	0	0	0	0	39	0	0	0	0	0	0	0	0	0	0	0
492	"Triple Shot Fortalecido"		3	6	5	0	6	0	0	0	-1	1	4	235	0	0	0	0	0	0	3	0	0	0	0	39	0	0	0	0	0	0	0	0	0	0	0
493	"Triple Shot Fortalecido"		4	8	5	0	6	0	0	0	-1	-1	4	236	0	0	0	0	0	0	3	0	0	0	0	39	0	0	0	0	0	0	0	0	0	0	0
494	"Triple Shot Fortalecido"		5	10	5	0	6	0	0	0	-1	1	4	237	0	0	0	0	0	0	3	0	0	0	0	39	0	0	0	0	0	0	0	0	0	0	0
495	"Twisting Slash Fortalecido"		1	2	10	11	2	0	0	0	5	1	4	41	0	0	0	0	0	0	0	3	0	0	0	40	0	0	0	0	0	0	0	0	0	0	0
496	"Twisting Slash Fortalecido"		2	4	10	12	2	0	0	0	5	1	4	239	0	0	0	0	0	0	0	3	0	0	0	40	0	0	0	0	0	0	0	0	0	0	0
497	"Twisting Slash Fortalecido"		3	6	10	13	2	0	0	0	5	1	4	240	0	0	0	0	0	0	0	3	0	0	0	40	0	0	0	0	0	0	0	0	0	0	0
498	"Twisting Slash Fortalecido"		4	8	10	14	2	0	0	0	5	1	4	241	0	0	0	0	0	0	0	3	0	0	0	40	0	0	0	0	0	0	0	0	0	0	0
499	"Twisting Slash Fortalecido"		5	10	10	15	3	0	0	0	5	1	4	242	0	0	0	0	0	0	0	3	0	0	0	40	0	0	0	0	0	0	0	0	0	0	0
500	"Fire Slash Fortalecido"		1	85	15	22	2	0	0	0	1	1	4	55	0	0	0	0	0	0	0	3	0	0	0	41	0	0	0	0	0	0	0	0	2	0	0
501	"Fire Slash Fortalecido"		2	90	15	24	2	0	0	0	1	1	4	244	0	0	0	0	0	0	0	3	0	0	0	41	0	0	0	0	0	0	0	0	2	0	0
502	"Fire Slash Fortalecido"		3	95	15	26	2	0	0	0	1	1	4	245	0	0	0	0	0	0	0	3	0	0	0	41	0	0	0	0	0	0	0	0	2	0	0
503	"Fire Slash Fortalecido"		4	100	15	28	2	0	0	0	1	1	4	246	0	0	0	0	0	0	0	3	0	0	0	41	0	0	0	0	0	0	0	0	2	0	0
504	"Fire Slash Fortalecido"		5	105	15	30	3	0	0	0	1	-1	4	247	0	0	0	0	0	0	0	3	0	0	0	41	0	0	0	0	0	0	0	0	2	0	0
505	"Power Slash Fortalecido"		1	5	15	0	5	0	100	0	-1	-1	4	56	0	0	0	0	0	0	0	3	0	0	0	42	0	0	0	0	0	0	0	0	0	0	0
506	"Power Slash Fortalecido"		2	10	15	0	5	0	100	0	-1	-1	4	249	0	0	0	0	0	0	0	3	0	0	0	42	0	0	0	0	0	0	0	0	0	0	0
507	"Power Slash Fortalecido"		3	15	15	0	5	0	100	0	-1	-1	4	250	0	0	0	0	0	0	0	3	0	0	0	42	0	0	0	0	0	0	0	0	0	0	0
508	"Power Slash Fortalecido"		4	20	15	0	5	0	100	0	-1	1	4	251	0	0	0	0	0	0	0	3	0	0	0	42	0	0	0	0	0	0	0	0	0	0	0
509	"Power Slash Fortalecido"		5	25	15	0	6	0	100	0	-1	1	4	252	0	0	0	0	0	0	0	3	0	0	0	42	0	0	0	0	0	0	0	0	0	0	0
510	"Blast Fortalecido"			1	80	165	0	3	0	150	0	2	-1	4	13	0	0	0	0	0	0	0	3	0	0	0	43	0	0	0	0	0	0	0	0	0	0	0
511	"Blast Fortalecido"			2	90	180	0	3	0	150	0	2	-1	4	254	0	0	0	0	0	0	0	3	0	0	0	43	0	0	0	0	0	0	0	0	0	0	0
512	"Blast Fortalecido"			3	100	195	0	3	0	150	0	2	0	4	255	0	0	0	0	0	0	0	3	0	0	0	43	0	0	0	0	0	0	0	0	0	0	0
513	"Blast Fortalecido"			4	110	210	0	3	0	150	0	2	-1	4	0	0	0	0	0	0	0	0	3	0	0	0	43	0	0	0	0	0	0	0	0	0	0	0
514	"Blast Fortalecido"			5	120	225	0	4	0	150	0	2	1	4	1	0	0	0	0	0	0	0	3	0	0	0	43	0	0	0	0	0	0	0	0	0	0	0
515	"Earthquake Fortalecido"		1	155	0	55	10	10000	0	0	2	-1	4	62	0	0	0	0	0	0	0	0	3	3	0	44	0	0	0	0	0	0	0	0	0	0	0
516	"Earthquake Fortalecido"		2	160	0	60	10	10000	0	0	2	0	4	3	0	0	0	0	0	0	0	0	3	3	0	44	0	0	0	0	0	0	0	0	0	0	0
517	"Earthquake Fortalecido"		3	165	0	65	10	10000	0	0	2	-1	4	4	0	0	0	0	0	0	0	0	3	3	0	44	0	0	0	0	0	0	0	0	0	0	0
518	"Earthquake Fortalecido"		4	170	0	70	10	10000	0	0	2	1	4	5	0	0	0	0	0	0	0	0	3	3	0	44	0	0	0	0	0	0	0	0	0	0	0
519	"Earthquake Fortalecido"		5	175	0	75	10	10000	0	0	2	1	4	6	0	0	0	0	0	0	0	0	3	3	0	44	0	0	0	0	0	0	0	0	0	0	0
520	"Fire Burst Fortalecido"		1	105	25	0	6	0	20	0	-1	1	4	61	0	0	0	0	0	0	0	0	3	3	0	45	0	0	0	0	0	0	0	0	0	0	0
521	"Fire Burst Fortalecido"		2	110	25	0	6	0	20	0	-1	-1	4	8	0	0	0	0	0	0	0	0	3	3	0	45	0	0	0	0	0	0	0	0	0	0	0
522	"Fire Burst Fortalecido"		3	115	25	0	6	0	20	0	-1	-1	4	9	0	0	0	0	0	0	0	0	3	3	0	45	0	0	0	0	0	0	0	0	0	0	0
523	"Fire Burst Fortalecido"		4	120	25	0	6	0	20	0	-1	1	4	10	0	0	0	0	0	0	0	0	3	3	0	45	0	0	0	0	0	0	0	0	0	0	0
524	"Fire Burst Fortalecido"		5	125	25	0	6	0	20	0	-1	-1	4	11	0	0	0	0	0	0	0	0	3	3	0	45	0	0	0	0	0	0	0	0	0	0	0
525	"Fire Scream Fortalecido"		1	135	45	11	6	0	32	70	-1	-1	4	78	0	0	0	0	0	0	0	0	3	3	0	46	0	0	0	0	0	0	0	0	0	0	0
526	"Fire Scream Fortalecido"		2	140	45	12	6	0	32	70	-1	-1	4	13	0	0	0	0	0	0	0	0	3	3	0	46	0	0	0	0	0	0	0	0	0	0	0
527	"Fire Scream Fortalecido"		3	145	45	13	6	0	32	70	-1	0	4	14	0	0	0	0	0	0	0	0	3	3	0	46	0	0	0	0	0	0	0	0	0	0	0
528	"Fire Scream Fortalecido"		4	150	45	14	6	0	32	70	-1	-1	4	15	0	0	0	0	0	0	0	0	3	3	0	46	0	0	0	0	0	0	0	0	0	0	0
529	"Fire Scream Fortalecido"		5	155	45	15	6	0	32	70	-1	-1	4	16	0	0	0	0	0	0	0	0	3	3	0	46	0	0	0	0	0	0	0	0	0	0	0
530	"Evil Spirit Fortalecido"		1	50	99	0	6	0	100	0	-1	-1	4	9	0	0	0	0	0	0	0	3	0	0	0	30	0	0	0	0	0	0	0	0	0	0	0
531	"Evil Spirit Fortalecido"		2	55	108	0	6	0	100	0	-1	-1	4	18	0	0	0	0	0	0	0	3	0	0	0	30	0	0	0	0	0	0	0	0	0	0	0
532	"Evil Spirit Fortalecido"		3	60	117	0	6	0	100	0	-1	-1	4	19	0	0	0	0	0	0	0	3	0	0	0	30	0	0	0	0	0	0	0	0	0	0	0
533	"Evil Spirit Fortalecido"		4	65	126	0	6	0	100	0	-1	-1	4	20	0	0	0	0	0	0	0	3	0	0	0	30	0	0	0	0	0	0	0	0	0	0	0
534	"Evil Spirit Fortalecido"		5	70	135	0	6	0	100	0	-1	-1	4	21	0	0	0	0	0	0	0	3	0	0	0	30	0	0	0	0	0	0	0	0	0	0	0
end