14 0 0 1 0 0 0 0
14 1 0 1 0 0 0 0
14 2 0 1 0 0 0 0
14 3 0 1 0 0 0 0
14 4 0 1 0 0 0 0
14 5 0 1 0 0 0 0
14 6 0 1 0 0 0 0
14 8 0 1 0 0 0 0

14 0 0 3 0 0 0 0
14 1 0 3 0 0 0 0
14 2 0 3 0 0 0 0
14 3 0 3 0 0 0 0
14 4 0 3 0 0 0 0
14 5 0 3 0 0 0 0
14 6 0 3 0 0 0 0
14 8 0 3 0 0 0 0

14 0 0 10 0 0 0 0
14 1 0 10 0 0 0 0
14 2 0 10 0 0 0 0
14 3 0 10 0 0 0 0
14 4 0 10 0 0 0 0
14 5 0 10 0 0 0 0
14 6 0 10 0 0 0 0
14 8 0 10 0 0 0 0

14 0 0 20 0 0 0 0
14 1 0 20 0 0 0 0
14 2 0 20 0 0 0 0
14 3 0 20 0 0 0 0
14 4 0 20 0 0 0 0
14 5 0 20 0 0 0 0
14 6 0 20 0 0 0 0 
14 8 0 20 0 0 0 0


4 7 1 255 0 0 0 0 //Bolts+1
4 7 2 255 0 0 0 0 //Bolts+2
4 7 3 255 0 0 0 0 //Bolts+3


4 15 1 255 0 0 0 0 //Arrows+1
4 15 2 255 0 0 0 0 //Arrows+2
4 15 3 255 0 0 0 0 //Arrows+3

13 7 0 0 0 0 0 0 //Summon Archer
13 7 1 0 0 0 0 0 //Summon Spearman
//13 8 0 0 0 1 0 0 //Ring of Ice+Luck
//13 9 0 0 0 1 0 0 //Ring of Poison+Luck
//13 12 0 0 0 1 0 0 //Lightning Pendant+Luck
//13 13 0 0 0 1 0 0 //Fire Pendant+Luck
end
