14 0 0 1 0 0 0 0
14 1 0 1 0 0 0 0
14 2 0 1 0 0 0 0
14 3 0 1 0 0 0 0
14 4 0 1 0 0 0 0
14 5 0 1 0 0 0 0
14 6 0 1 0 0 0 0
14 8 0 1 0 0 0 0

14 0 0 3 0 0 0 0
14 1 0 3 0 0 0 0
14 2 0 3 0 0 0 0
14 3 0 3 0 0 0 0
14 4 0 3 0 0 0 0
14 5 0 3 0 0 0 0
14 6 0 3 0 0 0 0
14 8 0 3 0 0 0 0

14 0 0 10 0 0 0 0
14 1 0 10 0 0 0 0
14 2 0 10 0 0 0 0
14 3 0 10 0 0 0 0
14 4 0 10 0 0 0 0
14 5 0 10 0 0 0 0
14 6 0 10 0 0 0 0
14 8 0 10 0 0 0 0

14 0 0 20 0 0 0 0
14 1 0 20 0 0 0 0
14 2 0 20 0 0 0 0
14 3 0 20 0 0 0 0
14 4 0 20 0 0 0 0
14 5 0 20 0 0 0 0
14 6 0 20 0 0 0 0
14 8 0 20 0 0 0 0


4 7 1 255 0 0 0 0 //Arrows 
4 15 1 255 0 0 0 0 //Bolts 
4 7 2 255 0 0 0 0 //Arrows
4 15 2 255 0 0 0 0 //Bolts 
4 7 3 255 0 0 0 0 //Arrows 
4 15 4 255 0 0 0 0 //Bolts 

13 29 0 0 0 0 0 0 //Armor of Guardman


end